11
C:\Enliang\data\epfl\fountain\image\0000.png 2759.480000 0.000000 1520.690000 0.000000 2764.160000 1006.810000 0.000000 0.000000 1.000000 0.450927000000 -0.892535000000 0.006799890000 -0.094564200000 -0.040197400000 0.994707000000 -0.887537000000 -0.449183000000 -0.102528000000 -3.480467038771 -1.196483230934 -9.844835206812
C:\Enliang\data\epfl\fountain\image\0001.png 2759.480000 0.000000 1520.690000 0.000000 2764.160000 1006.810000 0.000000 0.000000 1.000000 0.582226000000 -0.813027000000 -0.000148752000 -0.098386600000 -0.070638300000 0.992638000000 -0.807052000000 -0.577925000000 -0.121118000000 -0.296565812455 -1.424097432206 -10.341112575760
C:\Enliang\data\epfl\fountain\image\0002.png 2759.480000 0.000000 1520.690000 0.000000 2764.160000 1006.810000 0.000000 0.000000 1.000000 0.666779000000 -0.744950000000 0.021334000000 -0.083138400000 -0.045905700000 0.995480000000 -0.740603000000 -0.665539000000 -0.092542900000 2.150641031506 -1.190312456966 -10.711941700796
C:\Enliang\data\epfl\fountain\image\0003.png 2759.480000 0.000000 1520.690000 0.000000 2764.160000 1006.810000 0.000000 0.000000 1.000000 0.795163000000 -0.606377000000 -0.004771030000 -0.050195000000 -0.073659300000 0.996019000000 -0.604314000000 -0.791759000000 -0.089008200000 5.848478474092 -0.998820111039 -10.116529632357
C:\Enliang\data\epfl\fountain\image\0004.png 2759.480000 0.000000 1520.690000 0.000000 2764.160000 1006.810000 0.000000 0.000000 1.000000 0.890856000000 -0.454283000000 -0.001584340000 -0.021163800000 -0.044985700000 0.998763000000 -0.453793000000 -0.889721000000 -0.049690100000 9.318103765596 -0.544475235672 -9.015994315384
C:\Enliang\data\epfl\fountain\image\0005.png 2759.480000 0.000000 1520.690000 0.000000 2764.160000 1006.810000 0.000000 0.000000 1.000000 0.962742000000 -0.270399000000 0.003447090000 -0.016054800000 -0.044428300000 0.998884000000 -0.269944000000 -0.961723000000 -0.047114200000 12.734562851451 -0.460988662921 -7.012181830115
C:\Enliang\data\epfl\fountain\image\0006.png 2759.480000 0.000000 1520.690000 0.000000 2764.160000 1006.810000 0.000000 0.000000 1.000000 0.994915000000 -0.100715000000 0.001175360000 -0.004620050000 -0.033975900000 0.999412000000 -0.100616000000 -0.994335000000 -0.034268400000 15.483635549483 -0.239654049090 -4.728912926356
C:\Enliang\data\epfl\fountain\image\0007.png 2759.480000 0.000000 1520.690000 0.000000 2764.160000 1006.810000 0.000000 0.000000 1.000000 0.995535000000 0.094381500000 -0.001705780000 0.003721000000 -0.021180000000 0.999769000000 0.094323500000 -0.995311000000 -0.021436600000 17.868834026573 -0.038119407394 -1.682456849776
C:\Enliang\data\epfl\fountain\image\0008.png 2759.480000 0.000000 1520.690000 0.000000 2764.160000 1006.810000 0.000000 0.000000 1.000000 0.928942000000 0.370116000000 0.008950960000 0.000956298000 -0.026575800000 0.999646000000 0.370223000000 -0.928605000000 -0.025041400000 19.649725140052 -0.074922140630 3.720733880466
C:\Enliang\data\epfl\fountain\image\0009.png 2759.480000 0.000000 1520.690000 0.000000 2764.160000 1006.810000 0.000000 0.000000 1.000000 0.841370000000 0.540262000000 0.014586400000 0.008601370000 -0.040370900000 0.999148000000 0.540391000000 -0.840528000000 -0.038613900000 20.127058057054 0.024139517867 7.440508310016
C:\Enliang\data\epfl\fountain\image\0010.png 2759.480000 0.000000 1520.690000 0.000000 2764.160000 1006.810000 0.000000 0.000000 1.000000 0.707350000000 0.706534000000 0.021574900000 0.021827900000 -0.052340300000 0.998391000000 0.706526000000 -0.705741000000 -0.052445100000 19.670505657713 0.221756919433 11.429042280901
